0 0.709012 0.431265 0.183928 0.603063
0 0.527619 0.504719 0.495055 0.989939
0 0.805487 0.452545 0.171693 0.542615
0 0.945565 0.660957 0.108210 0.673176
5 0.51796875 0.26640625 0.10859375 0.1453125
5 0.68671875 0.2375 0.03671875 0.075
3 0.63671875 0.82578125 0.12890625 0.278125
3 0.7328125 0.428125 0.071875 0.09140625
3 0.75234375 0.30234375 0.05390625 0.11875
3 0.78984375 0.41953125 0.0546875 0.09609375
1 0.5328125 0.50390625 0.4828125 0.97265625
1 0.71328125 0.42109375 0.17109375 0.63671875
1 0.803125 0.4296875 0.1625 0.55546875
