0 0.226371 0.516918 0.376761 0.965504
0 0.738793 0.518432 0.375443 0.957737
0 0.448387 0.444487 0.268693 0.719137
5 0.22578125 0.18046875 0.06171875 0.07109375
4 0.225 0.1328125 0.08671875 0.07109375
3 0.36015625 0.45234375 0.0765625 0.10078125
1 0.2 0.5046875 0.3203125 0.97890625
4 0.48046875 0.1703125 0.06171875 0.0625
5 0.484375 0.215625 0.0546875 0.0765625
1 0.4796875 0.278125 0.2 0.4140625
4 0.64609375 0.21875 0.10859375 0.10625
5 0.6515625 0.28125 0.0703125 0.059375
3 0.5859375 0.784375 0.0484375 0.1125
3 0.89140625 0.79453125 0.06328125 0.18046875
1 0.73828125 0.50859375 0.36328125 0.9765625
