0 0.230990 0.525881 0.366897 0.938824
0 0.803950 0.658516 0.305711 0.668564
0 0.429176 0.712387 0.469870 0.407232
5 0.3046875 0.21640625 0.0421875 0.08203125
5 0.41484375 0.61875 0.07265625 0.08203125
5 0.8015625 0.521875 0.03125 0.0625
3 0.3546875 0.64296875 0.0546875 0.08203125
3 0.140625 0.41328125 0.0734375 0.07578125
3 0.6796875 0.7703125 0.05859375 0.1
3 0.73671875 0.60703125 0.06875 0.09765625
4 0.32421875 0.18125 0.0484375 0.078125
4 0.7890625 0.46015625 0.0390625 0.0578125
1 0.203125 0.4703125 0.30625 0.85078125
1 0.8171875 0.65703125 0.2640625 0.6734375
