0 0.756674 0.504354 0.265414 0.989684
0 0.122424 0.495053 0.119557 0.631647
0 0.398062 0.571791 0.178813 0.822529
0 0.272440 0.628952 0.257194 0.742096
0 0.517933 0.511987 0.132779 0.600606
2 0.82421875 0.1828125 0.1 0.19453125
2 0.2671875 0.4046875 0.09375 0.15078125
2 0.35 0.3015625 0.05234375 0.13125
2 0.13515625 0.2546875 0.02734375 0.10234375
2 0.44296875 0.21796875 0.0453125 0.0765625
2 0.5484375 0.2625 0.05703125 0.08359375
2 0.6109375 0.20546875 0.04296875 0.07109375
5 0.26328125 0.40234375 0.053125 0.07890625
5 0.8203125 0.18828125 0.05859375 0.08984375
3 0.6625 0.71640625 0.06875 0.16015625
3 0.84765625 0.68046875 0.06484375 0.1265625
3 0.36640625 0.77578125 0.07890625 0.0703125
3 0.38359375 0.328125 0.07734375 0.1859375
1 0.7640625 0.50859375 0.26484375 0.9828125
1 0.25546875 0.6171875 0.23046875 0.75859375
