0 0.691419 0.571611 0.139663 0.552981
0 0.882963 0.643485 0.174865 0.711983
0 0.094791 0.607071 0.189425 0.780136
0 0.391693 0.596371 0.158539 0.666817
0 0.238275 0.611824 0.221743 0.769113
0 0.520499 0.563803 0.145350 0.666229
0 0.975174 0.384691 0.048545 0.164733
5 0.69296875 0.36484375 0.040625 0.040625
5 0.87109375 0.4 0.04453125 0.0609375
5 0.51875 0.3109375 0.03828125 0.0578125
4 0.69453125 0.33984375 0.04765625 0.02421875
4 0.86171875 0.3640625 0.04765625 0.028125
4 0.5140625 0.27265625 0.04765625 0.03359375
4 0.4125 0.33828125 0.046875 0.03515625
3 0.15 0.8328125 0.0828125 0.13515625
3 0.16875 0.7328125 0.0609375 0.128125
3 0.52734375 0.5796875 0.04921875 0.1015625
3 0.57578125 0.5 0.05 0.05390625
3 0.69453125 0.4953125 0.0640625 0.0421875
3 0.746875 0.48828125 0.03359375 0.059375
3 0.92421875 0.803125 0.0375 0.1625
1 0.0734375 0.56484375 0.14609375 0.8671875
1 0.2359375 0.60625 0.20546875 0.77734375
1 0.3796875 0.59375 0.1296875 0.665625
1 0.515625 0.578125 0.12890625 0.71796875
1 0.684375 0.5671875 0.13125 0.5671875
1 0.87578125 0.6390625 0.16953125 0.721875
1 0.9703125 0.6265625 0.059375 0.665625
