0 0.266667 0.346176 0.159041 0.493302
0 0.382565 0.449805 0.141609 0.628691
0 0.750140 0.515024 0.498474 0.951729
0 0.452012 0.141217 0.083337 0.150760
0 0.540470 0.647510 0.361324 0.667115
2 0.76484375 0.4359375 0.115625 0.3421875
2 0.3796875 0.18359375 0.0859375 0.15546875
2 0.234375 0.14609375 0.05625 0.09140625
2 0.146875 0.57421875 0.12890625 0.134375
5 0.38125 0.203125 0.05 0.06015625
5 0.23515625 0.1515625 0.03984375 0.03515625
5 0.15859375 0.61171875 0.08984375 0.04765625
3 0.63828125 0.7421875 0.1828125 0.18125
3 0.3578125 0.50703125 0.05078125 0.07734375
3 0.44375 0.43984375 0.05 0.09921875
3 0.296875 0.2703125 0.04921875 0.06015625
3 0.2359375 0.42421875 0.04609375 0.06484375
1 0.17109375 0.65 0.2078125 0.55234375
1 0.253125 0.31328125 0.13515625 0.5390625
1 0.38671875 0.41171875 0.1609375 0.65078125
1 0.84296875 0.53203125 0.3140625 0.71171875
