0 0.554179 0.553254 0.179681 0.656944
0 0.903391 0.671459 0.163977 0.652978
0 0.752410 0.595516 0.183159 0.580849
0 0.405231 0.615599 0.173097 0.641218
0 0.228010 0.627366 0.163662 0.644855
0 0.078928 0.586233 0.156642 0.622632
5 0.54140625 0.3109375 0.0546875 0.05625
5 0.43359375 0.38828125 0.03984375 0.0453125
5 0.2765625 0.371875 0.0375 0.03984375
5 0.90390625 0.4359375 0.0390625 0.0421875
4 0.43125 0.35234375 0.04921875 0.03671875
4 0.54609375 0.2796875 0.08125 0.0375
4 0.9 0.40234375 0.04921875 0.0515625
4 0.11953125 0.32578125 0.059375 0.07109375
3 0.478125 0.51875 0.07421875 0.05625
3 0.48046875 0.56953125 0.04296875 0.0921875
3 0.88828125 0.45234375 0.0234375 0.0828125
3 0.93046875 0.540625 0.0484375 0.0953125
3 0.2921875 0.6828125 0.059375 0.12890625
3 0.1625 0.6640625 0.03203125 0.08828125
1 0.08671875 0.54375 0.1640625 0.5546875
1 0.22421875 0.621875 0.15703125 0.64140625
1 0.29375 0.55234375 0.12421875 0.57734375
1 0.4109375 0.5765625 0.13359375 0.67265625
1 0.5375 0.54609375 0.1328125 0.69453125
1 0.7625 0.58828125 0.1046875 0.58203125
1 0.88515625 0.6796875 0.1703125 0.640625
