2 0.4390625 0.325 0.06015625 0.1046875
2 0.35859375 0.365625 0.05078125 0.08359375
2 0.27421875 0.3578125 0.04765625 0.10078125
2 0.1453125 0.3546875 0.0578125 0.10078125
5 0.4453125 0.353125 0.0515625 0.0765625
5 0.7609375 0.1390625 0.0484375 0.09140625
3 0.42421875 0.625 0.08203125 0.1140625
3 0.49375 0.59609375 0.0671875 0.0796875
1 0.1875 0.5984375 0.23359375 0.72265625
1 0.13984375 0.5703125 0.10390625 0.61015625
1 0.2859375 0.596875 0.0953125 0.6390625
1 0.3546875 0.5671875 0.096875 0.65546875
1 0.45078125 0.5828125 0.12578125 0.709375
