0 0.289658 0.551947 0.213216 0.889269
0 0.460381 0.556078 0.163658 0.873807
0 0.698272 0.518342 0.229606 0.952303
0 0.885571 0.523874 0.157346 0.949047
5 0.49296875 0.24453125 0.02109375 0.06640625
5 0.1375 0.2203125 0.02578125 0.07109375
4 0.48203125 0.19453125 0.08125 0.0953125
4 0.68671875 0.14921875 0.09765625 0.084375
4 0.12421875 0.16640625 0.11640625 0.10703125
4 0.86015625 0.234375 0.053125 0.0953125
3 0.49453125 0.44296875 0.10234375 0.17109375
3 0.3921875 0.53671875 0.0421875 0.14453125
3 0.83046875 0.6359375 0.0609375 0.09296875
1 0.11015625 0.51328125 0.21796875 0.83984375
1 0.26015625 0.528125 0.1265625 0.85078125
1 0.32109375 0.51640625 0.115625 0.79296875
1 0.446875 0.534375 0.14296875 0.9046875
1 0.68046875 0.5953125 0.128125 0.79140625
1 0.696875 0.3421875 0.16015625 0.46640625
1 0.87109375 0.58203125 0.146875 0.8265625
