0 0.102816 0.661118 0.204987 0.674993
0 0.470542 0.643324 0.135814 0.575623
0 0.613096 0.658655 0.166036 0.597114
0 0.363380 0.661108 0.108081 0.402935
0 0.273094 0.644023 0.138643 0.453119
0 0.780563 0.679227 0.173224 0.635584
2 0.11640625 0.4171875 0.07265625 0.125
2 0.4765625 0.42265625 0.0671875 0.1
2 0.60859375 0.42734375 0.06875 0.1
2 0.77421875 0.4296875 0.0796875 0.11015625
2 0.28046875 0.4796875 0.07265625 0.1203125
5 0.11328125 0.4375 0.046875 0.06015625
5 0.28671875 0.51015625 0.0328125 0.06015625
5 0.35390625 0.5171875 0.03828125 0.03984375
5 0.48125 0.425 0.04609375 0.05
5 0.6109375 0.4484375 0.05 0.0375
5 0.77265625 0.44375 0.05390625 0.04765625
4 0.1125 0.3859375 0.0875 0.0625
4 0.28359375 0.47890625 0.053125 0.05234375
4 0.35625 0.49140625 0.05859375 0.0578125
4 0.47578125 0.39140625 0.06875 0.07734375
4 0.60859375 0.4125 0.0484375 0.0453125
4 0.77421875 0.4125 0.0625 0.0453125
3 0.02578125 0.7421875 0.0515625 0.11015625
3 0.19375 0.70390625 0.07578125 0.12734375
3 0.2515625 0.73125 0.09453125 0.0921875
3 0.33828125 0.68984375 0.06875 0.08515625
3 0.40859375 0.6734375 0.065625 0.10234375
3 0.53125 0.64375 0.0515625 0.07265625
3 0.67890625 0.6609375 0.05703125 0.1125
3 0.7109375 0.6734375 0.053125 0.1078125
3 0.8375 0.7046875 0.05 0.08984375
1 0.11484375 0.60390625 0.18125 0.6375
1 0.2578125 0.5890625 0.14140625 0.54765625
1 0.35078125 0.5984375 0.0875 0.4828125
1 0.4875 0.5796875 0.1203125 0.5453125
1 0.60859375 0.6453125 0.1484375 0.6296875
1 0.78046875 0.6671875 0.153125 0.6203125
