0 0.937191 0.729322 0.124929 0.537041
5 0.46015625 0.303125 0.03125 0.05546875
5 0.3890625 0.54453125 0.06328125 0.06640625
5 0.6453125 0.70703125 0.0859375 0.115625
5 0.728125 0.75546875 0.046875 0.084375
5 0.1625 0.52890625 0.06015625 0.0625
5 0.51015625 0.3078125 0.0265625 0.0375
3 0.20703125 0.67578125 0.05703125 0.0625
3 0.3703125 0.45546875 0.04453125 0.0890625
3 0.50234375 0.59296875 0.06015625 0.13359375
3 0.3859375 0.6921875 0.04140625 0.08671875
3 0.33671875 0.66875 0.0796875 0.07578125
1 0.1703125 0.6203125 0.16015625 0.46640625
1 0.05546875 0.61015625 0.1109375 0.33125
1 0.30234375 0.82890625 0.23125 0.3421875
1 0.40078125 0.703125 0.16640625 0.59296875
1 0.4453125 0.4546875 0.0875 0.51328125
1 0.5125 0.4109375 0.11640625 0.35546875
1 0.52578125 0.70078125 0.1296875 0.48671875
1 0.62265625 0.3921875 0.11640625 0.34921875
1 0.63203125 0.75859375 0.1453125 0.478125
1 0.73359375 0.7640625 0.12578125 0.39140625
1 0.84609375 0.85625 0.0984375 0.2875
1 0.93359375 0.6859375 0.11328125 0.4734375
1 0.80078125 0.52578125 0.1078125 0.36640625
1 0.6921875 0.48671875 0.10859375 0.26640625
1 0.74296875 0.3390625 0.078125 0.25078125
