0 0.459654 0.507761 0.251757 0.979822
0 0.210283 0.543430 0.225774 0.911945
0 0.618875 0.551495 0.190771 0.897010
0 0.803067 0.550300 0.234763 0.899096
5 0.22890625 0.22421875 0.0578125 0.115625
5 0.47421875 0.153125 0.06796875 0.09765625
5 0.6390625 0.25 0.05078125 0.08671875
5 0.80859375 0.25 0.0765625 0.1
3 0.1453125 0.78359375 0.08671875 0.1796875
3 0.31640625 0.74453125 0.05 0.21796875
3 0.3609375 0.67578125 0.0640625 0.18203125
3 0.5625 0.728125 0.09140625 0.1578125
3 0.715625 0.7546875 0.0578125 0.20234375
3 0.87890625 0.778125 0.07109375 0.10234375
1 0.234375 0.50859375 0.23359375 0.92890625
1 0.446875 0.5046875 0.2125 0.978125
1 0.64296875 0.52109375 0.134375 0.9578125
1 0.82890625 0.52890625 0.2046875 0.7953125
