0 0.211132 0.548585 0.347357 0.856053
0 0.820584 0.624538 0.312081 0.748426
0 0.942999 0.200399 0.067315 0.230994
0 0.731193 0.514954 0.240292 0.954297
0 0.844827 0.243748 0.078541 0.201611
2 0.7578125 0.1921875 0.12109375 0.17578125
2 0.1671875 0.2546875 0.0890625 0.134375
5 0.765625 0.18984375 0.0734375 0.1078125
5 0.15234375 0.26875 0.065625 0.0703125
3 0.31171875 0.32265625 0.1015625 0.09765625
3 0.26796875 0.5390625 0.09609375 0.1140625
3 0.7640625 0.37265625 0.06640625 0.178125
1 0.22265625 0.496875 0.38125 0.9421875
1 0.74609375 0.503125 0.31875 0.99375
