0 0.412757 0.525602 0.119901 0.125325
0 0.347634 0.440601 0.104110 0.269030
0 0.092831 0.405311 0.062994 0.247983
0 0.284213 0.391994 0.055810 0.220079
0 0.159779 0.361149 0.053947 0.170900
0 0.202432 0.388535 0.046579 0.176094
0 0.016530 0.414037 0.033061 0.317446
0 0.462164 0.416410 0.043854 0.204080
5 0.71015625 0.25703125 0.06484375 0.15703125
5 0.35546875 0.37265625 0.03515625 0.04921875
5 0.42109375 0.53671875 0.04140625 0.05703125
5 0.41484375 0.3796875 0.03984375 0.05390625
4 0.70390625 0.16484375 0.06640625 0.065625
1 0.7640625 0.41015625 0.265625 0.68203125
