0 0.812377 0.538839 0.358833 0.919072
0 0.469296 0.526932 0.364908 0.942456
0 0.166127 0.531011 0.292537 0.934528
2 0.19140625 0.2515625 0.1203125 0.2203125
2 0.43203125 0.21015625 0.1265625 0.22734375
5 0.20234375 0.26796875 0.1046875 0.1234375
5 0.43828125 0.22890625 0.0921875 0.1015625
5 0.76171875 0.3484375 0.071875 0.14453125
5 0.74609375 0.14921875 0.046875 0.06640625
3 0.634375 0.628125 0.07109375 0.26796875
3 0.68359375 0.87265625 0.08359375 0.19375
3 0.9515625 0.7 0.03984375 0.2765625
3 0.32421875 0.915625 0.0875 0.13984375
3 0.0546875 0.903125 0.07109375 0.19375
1 0.171875 0.53125 0.3109375 0.921875
1 0.45 0.5078125 0.28671875 0.984375
1 0.82109375 0.5234375 0.33046875 0.94921875
