0 0.907582 0.367740 0.141412 0.564486
0 0.179015 0.510986 0.288497 0.863693
0 0.731466 0.531049 0.227765 0.835777
0 0.369371 0.520341 0.189770 0.854571
0 0.547961 0.531619 0.200323 0.834227
2 0.20859375 0.1828125 0.1 0.13984375
2 0.36328125 0.2046875 0.08984375 0.1296875
2 0.5140625 0.2015625 0.08515625 0.15234375
2 0.759375 0.20859375 0.08515625 0.1671875
5 0.37265625 0.21875 0.05859375 0.0671875
5 0.521875 0.1953125 0.05 0.0703125
5 0.7515625 0.21640625 0.046875 0.0578125
5 0.209375 0.19765625 0.0515625 0.0703125
5 0.13984375 0.1859375 0.05 0.05234375
3 0.06953125 0.38359375 0.06796875 0.0828125
3 0.290625 0.53359375 0.0984375 0.1828125
3 0.3859375 0.4625 0.09140625 0.1453125
3 0.52578125 0.3515625 0.08828125 0.1625
3 0.6328125 0.4828125 0.028125 0.1453125
3 0.75703125 0.3234375 0.08359375 0.2125
1 0.1546875 0.5109375 0.25703125 0.89765625
1 0.365625 0.5046875 0.19140625 0.9453125
1 0.5421875 0.50625 0.1484375 0.9125
1 0.7390625 0.53203125 0.1625 0.9359375
