0 0.226093 0.501915 0.451158 0.984873
0 0.774107 0.500657 0.450432 0.988034
2 0.20390625 0.10078125 0.19609375 0.134375
2 0.64296875 0.11171875 0.1578125 0.1640625
5 0.1953125 0.109375 0.1421875 0.0703125
5 0.66171875 0.11875 0.13984375 0.078125
3 0.0578125 0.596875 0.10390625 0.12578125
3 0.328125 0.57421875 0.115625 0.12421875
3 0.50625 0.5828125 0.11171875 0.1421875
3 0.7578125 0.58828125 0.12421875 0.14765625
1 0.18671875 0.49609375 0.3734375 0.9734375
1 0.615625 0.49609375 0.415625 0.9921875
