0 0.271826 0.646473 0.218464 0.511320
0 0.633028 0.633776 0.098760 0.395345
0 0.435496 0.626716 0.084578 0.433207
0 0.550892 0.625386 0.093553 0.468912
5 0.3015625 0.46640625 0.04453125 0.05546875
5 0.53984375 0.44609375 0.0453125 0.03671875
3 0.2375 0.58671875 0.04140625 0.0828125
3 0.37890625 0.6765625 0.07265625 0.07890625
1 0.3359375 0.63125 0.11328125 0.5609375
1 0.4171875 0.62109375 0.08046875 0.44765625
1 0.4671875 0.5875 0.08046875 0.39921875
1 0.55703125 0.6296875 0.14296875 0.52421875
1 0.628125 0.6109375 0.0921875 0.40859375
