0 0.299961 0.565526 0.248451 0.868401
0 0.114600 0.565571 0.228674 0.862305
5 0.140625 0.25859375 0.1234375 0.1125
5 0.3328125 0.2453125 0.0921875 0.08359375
5 0.49375 0.2421875 0.08203125 0.12890625
5 0.59609375 0.22265625 0.0609375 0.11015625
5 0.75859375 0.30546875 0.07734375 0.07578125
3 0.0515625 0.78046875 0.09609375 0.1390625
3 0.1984375 0.75703125 0.0875 0.15
3 0.40390625 0.74921875 0.12890625 0.1796875
3 0.5125 0.678125 0.0921875 0.15703125
3 0.6109375 0.70546875 0.0765625 0.1203125
3 0.65078125 0.7453125 0.0609375 0.15703125
3 0.79921875 0.84140625 0.0578125 0.1703125
1 0.121875 0.5734375 0.2 0.853125
1 0.3390625 0.5421875 0.228125 0.915625
1 0.59140625 0.5515625 0.1859375 0.896875
1 0.77421875 0.55 0.2484375 0.9
