0 0.566787 0.646108 0.236279 0.707322
0 0.262215 0.612532 0.451368 0.774494
5 0.3453125 0.371875 0.10078125 0.13515625
5 0.56953125 0.4265625 0.10078125 0.08515625
5 0.7390625 0.4 0.084375 0.09296875
5 0.8421875 0.39921875 0.0703125 0.09765625
3 0.0671875 0.22734375 0.0953125 0.19375
3 0.590625 0.58203125 0.09765625 0.228125
3 0.72890625 0.5 0.08203125 0.20234375
3 0.85234375 0.50390625 0.1140625 0.16484375
1 0.2671875 0.57578125 0.44375 0.82734375
1 0.56015625 0.64609375 0.27265625 0.7046875
1 0.746875 0.58671875 0.18515625 0.82578125
1 0.89765625 0.65234375 0.1921875 0.6953125
