0 0.142634 0.501221 0.284488 0.996380
0 0.378392 0.585803 0.275301 0.781797
0 0.570167 0.588718 0.312802 0.765244
0 0.868117 0.584000 0.262716 0.791663
5 0.8171875 0.3 0.1078125 0.06640625
5 0.55546875 0.28984375 0.0625 0.0375
5 0.42578125 0.271875 0.04140625 0.02421875
5 0.2453125 0.253125 0.03984375 0.03046875
2 0.82734375 0.2796875 0.1 0.15234375
2 0.5453125 0.29375 0.12734375 0.109375
2 0.41875 0.27265625 0.0953125 0.11640625
2 0.22890625 0.0921875 0.0625 0.13203125
3 0.440625 0.64765625 0.05546875 0.06171875
3 0.68359375 0.6234375 0.05625 0.071875
3 0.25078125 0.603125 0.06328125 0.06328125
3 0.684375 0.4828125 0.06328125 0.059375
3 0.7875 0.48046875 0.03359375 0.02890625
