0 0.798285 0.528237 0.364736 0.940030
0 0.197237 0.521572 0.394474 0.951990
0 0.565580 0.548217 0.273479 0.894175
0 0.368926 0.593272 0.260343 0.803500
5 0.13515625 0.18984375 0.06953125 0.0765625
5 0.5609375 0.209375 0.06171875 0.07578125
5 0.8109375 0.159375 0.071875 0.08359375
2 0.5609375 0.190625 0.08125 0.12421875
2 0.803125 0.1328125 0.09453125 0.13828125
2 0.35859375 0.25859375 0.075 0.071875
3 0.6921875 0.30625 0.0484375 0.059375
3 0.65078125 0.33046875 0.0671875 0.0796875
3 0.503125 0.40546875 0.0734375 0.08515625
3 0.3765625 0.378125 0.0765625 0.0828125
3 0.346875 0.30546875 0.0828125 0.08359375
