0 0.530056 0.459152 0.132551 0.710737
0 0.421375 0.411046 0.132525 0.690088
0 0.072139 0.363273 0.079971 0.456811
0 0.317292 0.410293 0.104537 0.593393
0 0.880291 0.518561 0.175474 0.905873
0 0.250055 0.400993 0.091641 0.541124
5 0.0671875 0.190625 0.0390625 0.0359375
5 0.1 0.184375 0.025 0.0234375
5 0.1484375 0.17890625 0.0421875 0.0421875
5 0.22578125 0.1828125 0.0453125 0.0453125
5 0.3046875 0.1734375 0.05703125 0.05859375
5 0.40546875 0.1328125 0.0453125 0.0421875
5 0.51953125 0.2078125 0.0625 0.0625
5 0.6359375 0.2109375 0.04765625 0.07734375
5 0.7171875 0.17109375 0.05234375 0.0546875
5 0.85703125 0.18203125 0.0734375 0.1015625
3 0.86328125 0.61875 0.07890625 0.1171875
3 0.784375 0.5703125 0.05234375 0.1140625
3 0.65546875 0.5734375 0.06484375 0.1
3 0.57265625 0.54296875 0.04453125 0.09140625
3 0.54140625 0.48984375 0.075 0.0921875
3 0.45390625 0.4703125 0.07890625 0.08984375
3 0.37109375 0.4140625 0.06328125 0.07734375
3 0.2703125 0.43046875 0.0703125 0.07109375
3 0.1921875 0.38515625 0.0328125 0.1171875
3 0.1328125 0.39765625 0.0359375 0.0546875
1 0.88828125 0.5171875 0.20546875 0.9359375
1 0.75234375 0.4671875 0.159375 0.87890625
1 0.62890625 0.4296875 0.13984375 0.72265625
1 0.52578125 0.3921875 0.1421875 0.775
1 0.42421875 0.4359375 0.11484375 0.7828125
1 0.3390625 0.40234375 0.14921875 0.6671875
1 0.24921875 0.39609375 0.15234375 0.6453125
1 0.1875 0.3671875 0.128125 0.57265625
1 0.1171875 0.33515625 0.07265625 0.51015625
1 0.06484375 0.3390625 0.06640625 0.5265625
