0 0.189656 0.616785 0.194066 0.766429
0 0.858190 0.382162 0.087889 0.255147
0 0.045784 0.560148 0.091567 0.635963
5 0.48671875 0.3296875 0.05390625 0.084375
5 0.63515625 0.290625 0.0328125 0.07421875
5 0.1953125 0.31875 0.0375 0.05234375
5 0.04765625 0.26796875 0.0375 0.05
5 0.1203125 0.21953125 0.0265625 0.0421875
5 0.15078125 0.24296875 0.02109375 0.025
5 0.7359375 0.296875 0.02265625 0.03203125
5 0.69140625 0.265625 0.01484375 0.0296875
5 0.8421875 0.34765625 0.02890625 0.0546875
5 0.9578125 0.46875 0.03984375 0.084375
5 0.4265625 0.23203125 0.0390625 0.0421875
2 0.6328125 0.27578125 0.0609375 0.14375
2 0.19765625 0.3078125 0.0546875 0.12421875
1 0.1890625 0.60703125 0.19375 0.78125
1 0.62890625 0.5609375 0.1625 0.784375
