0 0.919761 0.539073 0.159322 0.482281
0 0.637206 0.542504 0.220538 0.477254
0 0.357891 0.562024 0.191824 0.467925
0 0.282838 0.379759 0.124726 0.440502
5 0.37578125 0.4390625 0.075 0.0734375
5 0.63359375 0.39375 0.05078125 0.10234375
5 0.9265625 0.38828125 0.078125 0.06640625
3 0.2796875 0.3796875 0.0609375 0.0875
3 0.34453125 0.58828125 0.10078125 0.06640625
3 0.60234375 0.58984375 0.04921875 0.15234375
3 0.70078125 0.5984375 0.0484375 0.11484375
3 0.94609375 0.61796875 0.07265625 0.1265625
1 0.26640625 0.37890625 0.2078125 0.4171875
1 0.38671875 0.56484375 0.18359375 0.53515625
1 0.67734375 0.575 0.2828125 0.51484375
1 0.8953125 0.49765625 0.209375 0.4171875
