0 0.849725 0.468908 0.137089 0.686504
0 0.173144 0.533056 0.270220 0.893355
0 0.582258 0.560152 0.294569 0.878495
0 0.479392 0.493352 0.118172 0.802091
5 0.20546875 0.23828125 0.13359375 0.1484375
5 0.45703125 0.221875 0.0890625 0.07734375
5 0.57421875 0.2234375 0.096875 0.096875
4 0.17734375 0.15703125 0.090625 0.0859375
4 0.59375 0.1921875 0.10625 0.0734375
3 0.06953125 0.5875 0.07109375 0.1015625
3 0.23203125 0.253125 0.0453125 0.0625
3 0.4546875 0.2453125 0.0609375 0.1421875
3 0.62421875 0.45234375 0.06796875 0.125
1 0.190625 0.5515625 0.309375 0.8921875
1 0.60078125 0.56328125 0.1890625 0.83828125
1 0.43984375 0.44296875 0.2015625 0.7265625
1 0.82421875 0.490625 0.18671875 0.73515625
