0 0.769192 0.533746 0.461269 0.932509
0 0.277932 0.546762 0.519078 0.905420
0 0.556815 0.545249 0.194783 0.908259
4 0.25546875 0.2078125 0.1375 0.11640625
4 0.71875 0.2265625 0.11875 0.1203125
5 0.2546875 0.2875 0.10546875 0.16328125
5 0.73125 0.315625 0.090625 0.13125
3 0.14921875 0.18359375 0.08203125 0.10859375
3 0.35390625 0.18671875 0.06015625 0.0890625
3 0.67109375 0.309375 0.04375 0.08828125
3 0.8046875 0.334375 0.0734375 0.10859375
1 0.265625 0.5125 0.53125 0.971875
1 0.77109375 0.52890625 0.45234375 0.91953125
