0 0.115323 0.557232 0.230646 0.877082
0 0.240265 0.481500 0.142991 0.709420
0 0.872089 0.500683 0.254990 0.994518
0 0.618837 0.551492 0.269178 0.893493
4 0.11171875 0.21484375 0.05703125 0.04453125
5 0.11328125 0.2765625 0.078125 0.0953125
3 0.03046875 0.8453125 0.0515625 0.11484375
3 0.2 0.78984375 0.03671875 0.11875
3 0.36171875 0.90234375 0.05859375 0.1
3 0.5390625 0.85625 0.05 0.13359375
3 0.7375 0.8125 0.03984375 0.1546875
3 0.7984375 0.821875 0.053125 0.13984375
3 0.98125 0.81875 0.03359375 0.13515625
4 0.459375 0.21796875 0.05 0.0375
5 0.45625 0.284375 0.05703125 0.0953125
5 0.65625 0.2828125 0.0453125 0.08515625
5 0.934375 0.14609375 0.0453125 0.11484375
5 0.7109375 0.2375 0.01640625 0.03125
5 0.23984375 0.21171875 0.03359375 0.04140625
1 0.1140625 0.55859375 0.228125 0.8734375
1 0.396875 0.55859375 0.21953125 0.8734375
1 0.6234375 0.54765625 0.26953125 0.9015625
1 0.87890625 0.49765625 0.23671875 0.9953125
