4 0.40234375 0.23984375 0.08515625 0.0765625
4 0.521875 0.30390625 0.07890625 0.05546875
4 0.68828125 0.3046875 0.08359375 0.0984375
5 0.4015625 0.184375 0.0640625 0.04453125
5 0.52109375 0.234375 0.0671875 0.096875
5 0.70234375 0.24375 0.07109375 0.11875
3 0.25546875 0.91171875 0.06171875 0.17265625
3 0.584375 0.8734375 0.04140625 0.14765625
3 0.734375 0.93359375 0.0625 0.12734375
1 0.3359375 0.49765625 0.23828125 0.9953125
1 0.53828125 0.5140625 0.16328125 0.94296875
1 0.7046875 0.51953125 0.28046875 0.95390625
