0 0.521530 0.631091 0.407232 0.735046
4 0.27265625 0.40234375 0.1015625 0.11015625
4 0.5125 0.38359375 0.11953125 0.10078125
4 0.8109375 0.37578125 0.06953125 0.07265625
5 0.24296875 0.54765625 0.13046875 0.22265625
5 0.50546875 0.48828125 0.1078125 0.13984375
5 0.77265625 0.4421875 0.06328125 0.08671875
2 0.25625 0.4703125 0.2234375 0.459375
2 0.51796875 0.42109375 0.1828125 0.28203125
2 0.7953125 0.4125 0.11171875 0.24453125
3 0.65234375 0.571875 0.14375 0.18125
3 0.8484375 0.5625 0.08671875 0.13828125
3 0.88203125 0.63984375 0.059375 0.1203125
1 0.16015625 0.5625 0.3203125 0.871875
1 0.490625 0.634375 0.33984375 0.72421875
1 0.73125 0.61953125 0.24453125 0.7453125
