0 0.144785 0.499199 0.286534 0.985331
5 0.19375 0.15390625 0.075 0.1140625
5 0.540625 0.2875 0.0625 0.096875
5 0.76015625 0.275 0.0703125 0.1
5 0.8234375 0.315625 0.05 0.11953125
5 0.91953125 0.31640625 0.0296875 0.0609375
3 0.2796875 0.5875 0.0625 0.19140625
3 0.5984375 0.6140625 0.065625 0.0609375
3 0.45703125 0.56640625 0.0734375 0.10546875
3 0.76484375 0.75546875 0.0765625 0.2109375
3 0.875 0.66953125 0.053125 0.15
1 0.18046875 0.496875 0.3203125 0.90546875
1 0.51171875 0.5609375 0.2171875 0.778125
1 0.7 0.54453125 0.1625 0.9109375
1 0.83359375 0.5984375 0.1328125 0.803125
1 0.921875 0.5875 0.09375 0.75859375
