0 0.153613 0.536691 0.258677 0.887448
0 0.461456 0.469667 0.166163 0.635500
0 0.613706 0.555179 0.219888 0.813736
0 0.933935 0.254271 0.053449 0.155604
3 0.25703125 0.584375 0.0375 0.0953125
3 0.0578125 0.3265625 0.040625 0.06640625
3 0.696875 0.534375 0.03671875 0.0765625
3 0.51875 0.584375 0.025 0.06171875
3 0.40078125 0.48515625 0.0296875 0.0578125
5 0.14296875 0.20234375 0.04765625 0.06171875
5 0.47734375 0.2203125 0.03515625 0.0515625
5 0.59140625 0.25 0.03671875 0.04921875
4 0.5890625 0.2171875 0.04453125 0.02890625
1 0.15078125 0.51328125 0.26015625 0.840625
1 0.61484375 0.5296875 0.21640625 0.76640625
