0 0.573260 0.505818 0.212580 0.984862
0 0.822100 0.503714 0.352533 0.992572
0 0.372744 0.522056 0.222766 0.955888
4 0.2046875 0.2 0.07578125 0.06328125
4 0.37421875 0.0953125 0.053125 0.0453125
4 0.596875 0.12734375 0.06015625 0.059375
4 0.9 0.125 0.0296875 0.05
5 0.20625 0.26484375 0.0734375 0.084375
5 0.37578125 0.1546875 0.053125 0.08203125
5 0.5984375 0.17578125 0.0578125 0.0796875
5 0.896875 0.2 0.04296875 0.109375
3 0.0765625 0.8921875 0.04140625 0.1796875
3 0.31328125 0.9125 0.0484375 0.16171875
3 0.43359375 0.5078125 0.04609375 0.115625
3 0.60390625 0.39296875 0.0671875 0.0953125
3 0.6984375 0.9578125 0.0546875 0.075
3 0.95546875 0.75234375 0.0625 0.08203125
1 0.18828125 0.521875 0.2625 0.94765625
1 0.371875 0.49921875 0.2140625 0.99296875
1 0.57109375 0.50703125 0.19296875 0.98203125
1 0.8234375 0.49921875 0.33515625 0.984375
