0 0.884876 0.541143 0.229022 0.916063
0 0.162677 0.536614 0.324523 0.926772
0 0.453371 0.570389 0.453129 0.856923
0 0.703270 0.547713 0.250590 0.895181
3 0.19296875 0.6203125 0.06796875 0.090625
3 0.2671875 0.89765625 0.07734375 0.11171875
3 0.51171875 0.60078125 0.0890625 0.0921875
3 0.82265625 0.4234375 0.04296875 0.05625
3 0.87109375 0.415625 0.06640625 0.08046875
5 0.703125 0.1984375 0.05390625 0.0828125
5 0.09921875 0.26484375 0.090625 0.08828125
5 0.42421875 0.3578125 0.10625 0.09375
5 0.91640625 0.22890625 0.0640625 0.05625
1 0.15859375 0.53828125 0.30859375 0.921875
1 0.47265625 0.56875 0.4078125 0.8484375
1 0.7046875 0.4765625 0.253125 0.84765625
1 0.88359375 0.534375 0.221875 0.91171875
