0 0.346964 0.684502 0.187000 0.629399
0 0.602366 0.527897 0.101820 0.353096
0 0.734339 0.447122 0.052931 0.223531
5 0.34140625 0.45703125 0.034375 0.04140625
2 0.34609375 0.453125 0.07421875 0.10859375
3 0.2765625 0.7703125 0.03671875 0.08515625
3 0.40390625 0.77421875 0.034375 0.08125
3 0.56484375 0.53828125 0.0171875 0.02890625
3 0.63671875 0.54765625 0.0125 0.02734375
3 0.7546875 0.46171875 0.0109375 0.01640625
5 0.60234375 0.39453125 0.01953125 0.02890625
5 0.73359375 0.36328125 0.0109375 0.01875
2 0.60390625 0.3859375 0.03359375 0.06015625
2 0.73515625 0.359375 0.034375 0.0359375
1 0.34765625 0.6828125 0.18359375 0.6203125
1 0.603125 0.52578125 0.09453125 0.35625
1 0.734375 0.4453125 0.053125 0.22265625
