0 0.241727 0.557855 0.429874 0.884291
0 0.766407 0.548970 0.418840 0.897858
5 0.22421875 0.30234375 0.090625 0.0921875
5 0.75078125 0.303125 0.10390625 0.1015625
3 0.11953125 0.3078125 0.0703125 0.15078125
3 0.425 0.89765625 0.065625 0.1828125
3 0.6734375 0.29921875 0.06640625 0.140625
3 0.93203125 0.92890625 0.06171875 0.13828125
4 0.21875 0.24453125 0.11484375 0.0515625
4 0.74765625 0.25390625 0.1 0.04609375
1 0.2390625 0.54765625 0.42265625 0.8859375
1 0.75703125 0.53984375 0.40546875 0.90234375
