0 0.147949 0.545672 0.237047 0.908656
0 0.718678 0.571918 0.220811 0.856165
0 0.535394 0.547213 0.195707 0.905575
3 0.1125 0.32734375 0.0546875 0.1234375
3 0.24609375 0.63671875 0.03828125 0.10078125
3 0.30859375 0.34296875 0.05078125 0.11640625
3 0.4234375 0.63671875 0.0265625 0.1359375
3 0.5046875 0.3625 0.05234375 0.1046875
3 0.62265625 0.66484375 0.03125 0.1390625
3 0.65390625 0.42265625 0.04453125 0.1125
3 0.79140625 0.7296875 0.03984375 0.08515625
5 0.15 0.19921875 0.05390625 0.08828125
5 0.3546875 0.253125 0.06015625 0.0734375
5 0.5515625 0.25625 0.05390625 0.07421875
5 0.7375 0.2828125 0.06875 0.07890625
2 0.14921875 0.1765625 0.09765625 0.18828125
2 0.35234375 0.22578125 0.09140625 0.15859375
2 0.5515625 0.24921875 0.090625 0.1390625
2 0.7375 0.26953125 0.09375 0.1640625
1 0.15 0.528125 0.24296875 0.94296875
1 0.34609375 0.5484375 0.18828125 0.903125
1 0.5421875 0.5546875 0.2015625 0.890625
1 0.71875 0.56953125 0.215625 0.8609375
