0 0.600675 0.501203 0.396534 0.987569
3 0.3046875 0.9390625 0.14921875 0.11875
3 0.29609375 0.85390625 0.15 0.15390625
3 0.56328125 0.81640625 0.1265625 0.253125
3 0.478125 0.81796875 0.065625 0.209375
4 0.284375 0.35390625 0.1578125 0.11484375
4 0.52421875 0.31953125 0.15859375 0.1125
5 0.2640625 0.41875 0.1234375 0.1578125
5 0.53515625 0.40625 0.13203125 0.140625
2 0.275 0.35859375 0.18359375 0.3421875
2 0.52578125 0.3546875 0.19921875 0.37734375
1 0.23359375 0.51171875 0.40703125 0.9640625
1 0.6046875 0.50234375 0.37421875 0.98046875
