0 0.684312 0.525360 0.626418 0.948749
0 0.270357 0.545827 0.540714 0.904764
5 0.08984375 0.6703125 0.140625 0.1546875
5 0.2796875 0.3546875 0.090625 0.1046875
5 0.64609375 0.3859375 0.14375 0.1640625
5 0.9625 0.365625 0.075 0.14765625
2 0.115625 0.61171875 0.2296875 0.36171875
2 0.28125 0.32578125 0.2625 0.25234375
2 0.63125 0.334375 0.29453125 0.31640625
2 0.91875 0.33828125 0.1625 0.3296875
1 0.24296875 0.60703125 0.478125 0.7859375
1 0.26796875 0.35703125 0.27734375 0.51875
1 0.67421875 0.52890625 0.5828125 0.9421875
1 0.86171875 0.4765625 0.27578125 0.84140625
