0 0.211697 0.590100 0.230528 0.805441
0 0.598464 0.620307 0.210383 0.730569
0 0.805702 0.602305 0.216323 0.748851
0 0.469588 0.599709 0.120038 0.553312
5 0.20078125 0.2625 0.05078125 0.06796875
5 0.58203125 0.34140625 0.040625 0.05234375
5 0.6796875 0.35625 0.0484375 0.04765625
5 0.8078125 0.30078125 0.04140625 0.04921875
3 0.11640625 0.6140625 0.0390625 0.10234375
3 0.31015625 0.6109375 0.02734375 0.0875
3 0.51328125 0.64140625 0.02890625 0.06796875
3 0.6859375 0.64296875 0.034375 0.05703125
3 0.73046875 0.6296875 0.03046875 0.08125
3 0.878125 0.6328125 0.03671875 0.05234375
5 0.49140625 0.39921875 0.0390625 0.0390625
1 0.21171875 0.57421875 0.2265625 0.84296875
1 0.590625 0.6109375 0.203125 0.7265625
1 0.68828125 0.37421875 0.1 0.21796875
1 0.8109375 0.5875 0.19765625 0.75859375
