0 0.896367 0.619811 0.206296 0.752236
0 0.411606 0.571222 0.191384 0.816610
0 0.074119 0.581366 0.148239 0.827017
0 0.236572 0.580122 0.212572 0.808603
0 0.575285 0.576914 0.171799 0.791167
0 0.726968 0.593133 0.176082 0.760682
4 0.04765625 0.253125 0.06640625 0.05859375
5 0.04375 0.2796875 0.04375 0.05859375
2 0.04375 0.27734375 0.08515625 0.203125
3 0.03125 0.56484375 0.06015625 0.06171875
3 0.13046875 0.62578125 0.0328125 0.0921875
1 0.0734375 0.58359375 0.146875 0.83203125
4 0.228125 0.23515625 0.05703125 0.03359375
5 0.22578125 0.27578125 0.034375 0.04609375
2 0.22421875 0.24765625 0.08984375 0.16875
3 0.190625 0.45 0.04921875 0.06875
3 0.290625 0.44296875 0.0484375 0.06796875
1 0.2359375 0.57734375 0.2078125 0.81953125
4 0.3953125 0.21484375 0.04375 0.02734375
5 0.39765625 0.2359375 0.0328125 0.03125
2 0.3984375 0.23671875 0.08828125 0.1609375
3 0.36640625 0.5078125 0.040625 0.06875
3 0.4546875 0.49375 0.0421875 0.0734375
1 0.4140625 0.55859375 0.184375 0.80234375
4 0.5640625 0.2390625 0.0515625 0.03359375
5 0.5640625 0.26484375 0.040625 0.0375
2 0.56796875 0.26328125 0.0734375 0.1421875
3 0.534375 0.4875 0.03828125 0.07265625
3 0.60546875 0.48828125 0.03359375 0.0703125
3 0.63046875 0.3859375 0.03125 0.078125
3 0.7859375 0.38203125 0.02734375 0.0828125
3 0.8015625 0.490625 0.03203125 0.0984375
3 0.975 0.503125 0.03671875 0.10546875
1 0.56875 0.5546875 0.15546875 0.76953125
1 0.709375 0.5953125 0.18359375 0.7890625
1 0.8921875 0.62421875 0.2125 0.75078125
4 0.72578125 0.26171875 0.0546875 0.025
5 0.7265625 0.2875 0.0375 0.05390625
2 0.72578125 0.27734375 0.08046875 0.16171875
4 0.90390625 0.31953125 0.06875 0.0375
5 0.90078125 0.340625 0.03984375 0.05859375
2 0.89921875 0.3453125 0.10703125 0.20546875
1 0.903125 0.628125 0.1921875 0.74375
